Precision: 0.47058823529411764
Recall: 0.8
F1: 0.5925925925925926
ROC AUC: 0.9385